00001352911
00001625667
00001744917
00004801180
00006292194
00006787916
00007580193
00008721050
00008825696
00008846006
00009655379
00009855203
00010100695
00010313923
00010313923
00010645683
00013078194
00013088157
00013567128
00014840952
00015878031
00016116909
00016301218
00018030939
00018272940
00018537677
00019827105
00020790031
00021668019
00021785082
00021785082
00022574166
00022574166
00022584129
00022593110
00022596135
00023151145
00023882190
00023932120
00024486108
00026209950
00026589842
00026685213
00026742977
00026742977
00026742977
00027210901
00027969967
00028719123
00029419107
00030059682
00033334692
00033757143
00035338911
00037380192
00037409190
00037519298
00037938690
00039432912
00039919978
00040675920
00041337140
00041852184
00042176166
00042465940
00042742960
00044828918
00045981051
00048365963
00049199129
00049453521
00049723928
00050264664
00050382942
00050590626
00050700901
00050700901
00051175932
00055038921
00056939183
00057187088
00057511608
00057668930
00063201631
00067552161
00070367108
00071677330
00071962107
00072425148
00072507977
00073062103
00073211044
00073211044
00073211044
00073211044
00073285161
00073990140
00074957066
00076053660
00076348032
00078708257
00084443154
00086788124
00086980157
00087321084
00087321084
00087321084
00087321084
00087321084
00087569965
00088114902
00088175960
00088175960
00088175960
00088175960
00089022912
00089089154
00089223900
00089475623
00089849990
00089911970
00090462165
00090715128
00090777158
00090820185
00090963105
00091265622
00093659156
00094087113
00094313300
00094653160
00094888043
00096133660
00097105155
00100904106
00101603029
00101603029
00105231118
00106842048
00106842048
00108329046
00110828364
00111755913
00113096607
00114511144
00114511144
00115406131
00116484063
00117555045
00118655639
00119894165
00120646293
00121244008
00121559181
00121559181
00121559181
00122224612
00122811151
00123286182
00123286182
00124848494
00125216980
00127831100
00128710608
00128771151
00128817160
00128817160
00132234106
00132609100
00132749963
00133350223
00134892160
00137051131
00138279101
00142178640
00145136175
00145555658
00146746961
00146938100
00147009995
00147752124
00149059140
00149059140
00149122101
00150190123
00150389124
00152413006
00152600388
00152662146
00152970630
00153841010
00154809179
00155070258
00158821289
00159848180
00160077192
00160439019
00162109130
00163316139
00163323186